/date 2000-01-01 -3.376 -107.508 107.561 144.924 -25.222 147.102
/date 2000-01-05 -15.479 -106.520 107.639 142.761 -35.461 147.099
/date 2000-01-09 -27.387 -104.186 107.726 139.887 -45.523 147.108
/date 2000-01-13 -38.950 -100.538 107.820 136.317 -55.359 147.129
/date 2000-01-17 -50.023 -95.625 107.918 132.070 -64.919 147.163
/date 2000-01-21 -60.467 -89.510 108.020 127.165 -74.157 147.208
/date 2000-01-25 -70.153 -82.274 108.122 121.629 -83.026 147.265
/date 2000-01-29 -78.963 -74.009 108.224 115.489 -91.484 147.333
/date 2000-02-02 -86.787 -64.820 108.322 108.778 -99.488 147.413
/date 2000-02-06 -93.531 -54.824 108.415 101.528 -107.000 147.503
/date 2000-02-10 -99.113 -44.148 108.501 93.777 -113.984 147.603
/date 2000-02-14 -103.467 -32.924 108.579 85.564 -120.407 147.712
/date 2000-02-18 -106.541 -21.293 108.648 76.930 -126.237 147.831
/date 2000-02-22 -108.299 -9.399 108.706 67.919 -131.448 147.958
/date 2000-02-26 -108.723 2.611 108.754 58.576 -136.017 148.094
/date 2000-03-01 -107.809 14.589 108.791 48.947 -139.921 148.236
/date 2000-03-05 -105.569 26.388 108.817 39.080 -143.146 148.384
/date 2000-03-09 -102.034 37.862 108.832 29.023 -145.676 148.539
/date 2000-03-13 -97.248 48.873 108.838 18.826 -147.501 148.698
/date 2000-03-17 -91.269 59.284 108.833 8.538 -148.616 148.861
/date 2000-03-21 -84.173 68.969 108.820 -1.790 -149.017 149.028
/date 2000-03-25 -76.045 77.810 108.799 -12.111 -148.705 149.197
/date 2000-03-29 -66.986 85.697 108.771 -22.373 -147.683 149.368
/date 2000-04-02 -57.107 92.535 108.738 -32.530 -145.959 149.540
/date 2000-04-06 -46.528 98.238 108.699 -42.532 -143.543 149.712
/date 2000-04-10 -35.377 102.736 108.656 -52.333 -140.450 149.883
/date 2000-04-14 -23.793 105.972 108.610 -61.888 -136.696 150.053
/date 2000-04-18 -11.916 107.906 108.562 -71.153 -132.300 150.220
/date 2000-04-22 0.108 108.511 108.511 -80.085 -127.286 150.384
/date 2000-04-26 12.131 107.778 108.458 -88.644 -121.679 150.545
/date 2000-04-30 24.003 105.713 108.404 -96.792 -115.507 150.700
/date 2000-05-04 35.578 102.341 108.349 -104.491 -108.800 150.851
/date 2000-05-08 46.712 97.698 108.291 -111.708 -101.591 150.995
/date 2000-05-12 57.266 91.842 108.233 -118.411 -93.915 151.133
/date 2000-05-16 67.106 84.841 108.172 -124.571 -85.807 151.264
/date 2000-05-20 76.108 76.782 108.110 -130.160 -77.306 151.387
/date 2000-05-24 84.158 67.761 108.047 -135.155 -68.453 151.501
/date 2000-05-28 91.152 57.891 107.982 -139.534 -59.287 151.607
/date 2000-06-01 97.001 47.293 107.916 -143.278 -49.852 151.703
/date 2000-06-05 101.628 36.100 107.849 -146.372 -40.190 151.789
/date 2000-06-09 104.972 24.451 107.782 -148.803 -30.347 151.866
/date 2000-06-13 106.988 12.493 107.715 -150.561 -20.366 151.932
/date 2000-06-17 107.649 0.376 107.650 -151.638 -10.293 151.987
/date 2000-06-21 106.944 -11.745 107.587 -152.031 -0.174 152.031
/date 2000-06-25 104.881 -23.717 107.529 -151.739 9.947 152.064
/date 2000-06-29 101.483 -35.387 107.475 -150.763 20.022 152.086
/date 2000-07-03 96.792 -46.606 107.428 -149.107 30.007 152.097
/date 2000-07-07 90.868 -57.232 107.389 -146.780 39.857 152.096
/date 2000-07-11 83.785 -67.127 107.359 -143.792 49.528 152.083
/date 2000-07-15 75.634 -76.167 107.340 -140.157 58.975 152.059
/date 2000-07-19 66.518 -84.235 107.332 -135.890 68.157 152.024
/date 2000-07-23 56.554 -91.229 107.337 -131.009 77.031 151.978
/date 2000-07-27 45.869 -97.061 107.354 -125.538 85.558 151.921
/date 2000-07-31 34.601 -101.656 107.384 -119.499 93.697 151.853
/date 2000-08-04 22.892 -104.959 107.426 -112.920 101.413 151.774
/date 2000-08-08 10.892 -106.928 107.481 -105.828 108.670 151.686
/date 2000-08-12 -1.246 -107.541 107.548 -98.256 115.432 151.588
/date 2000-08-16 -13.368 -106.791 107.625 -90.238 121.670 151.481
/date 2000-08-20 -25.322 -104.691 107.710 -81.808 127.353 151.365
/date 2000-08-24 -36.956 -101.271 107.803 -73.004 132.454 151.241
/date 2000-08-28 -48.124 -96.575 107.901 -63.866 136.949 151.109
/date 2000-09-01 -58.688 -90.665 108.002 -54.434 140.815 150.970
/date 2000-09-05 -68.516 -83.619 108.105 -44.752 144.032 150.824
/date 2000-09-09 -77.487 -75.526 108.206 -34.863 146.584 150.672
/date 2000-09-13 -85.491 -66.492 108.305 -24.813 148.456 150.516
/date 2000-09-17 -92.431 -56.628 108.399 -14.647 149.639 150.355
/date 2000-09-21 -98.222 -46.062 108.486 -4.414 150.125 150.190
/date 2000-09-25 -102.795 -34.924 108.566 5.841 149.908 150.022
/date 2000-09-29 -106.096 -23.354 108.636 16.068 148.988 149.852
/date 2000-10-03 -108.087 -11.495 108.697 26.219 147.366 149.681
/date 2000-10-07 -108.745 0.505 108.747 36.247 145.048 149.509
/date 2000-10-11 -108.065 12.499 108.785 46.102 142.043 149.337
/date 2000-10-15 -106.056 24.340 108.813 55.738 138.361 149.166
/date 2000-10-19 -102.745 35.881 108.830 65.108 134.019 148.997
/date 2000-10-23 -98.174 46.983 108.837 74.166 129.035 148.831
/date 2000-10-27 -92.400 57.509 108.834 82.868 123.431 148.669
/date 2000-10-31 -85.493 67.330 108.823 91.170 117.232 148.510
/date 2000-11-04 -77.539 76.327 108.803 99.031 110.466 148.357
/date 2000-11-08 -68.636 84.388 108.776 106.411 103.163 148.209
/date 2000-11-12 -58.892 91.416 108.744 113.274 95.359 148.069
/date 2000-11-16 -48.426 97.324 108.706 119.584 87.089 147.935
/date 2000-11-20 -37.366 102.038 108.664 125.308 78.393 147.809
/date 2000-11-24 -25.848 105.498 108.619 130.417 69.312 147.692
/date 2000-11-28 -14.011 107.663 108.571 134.885 59.891 147.584
/date 2000-12-02 -2.002 108.502 108.520 138.689 50.174 147.486
/date 2000-12-06 10.031 108.003 108.468 141.807 40.210 147.398
/date 2000-12-10 21.940 106.171 108.414 144.224 30.046 147.320
/date 2000-12-14 33.578 103.024 108.358 145.926 19.734 147.254
/date 2000-12-18 44.800 98.601 108.301 146.903 9.324 147.199
/date 2000-12-22 55.465 92.953 108.243 147.151 -1.133 147.156
/date 2000-12-26 65.439 86.147 108.183 146.668 -11.584 147.125
/date 2000-12-30 74.597 78.266 108.121 145.455 -21.977 147.105
/date 2001-01-03 82.821 69.406 108.058 143.517 -32.261 147.099
/date 2001-01-07 90.007 59.676 107.993 140.866 -42.384 147.104
/date 2001-01-11 96.062 49.197 107.927 137.513 -52.297 147.121
/date 2001-01-15 100.908 38.098 107.861 133.476 -61.949 147.151
/date 2001-01-19 104.481 26.518 107.793 128.775 -71.293 147.193
/date 2001-01-23 106.732 14.603 107.727 123.434 -80.283 147.246
/date 2001-01-27 107.632 2.504 107.661 117.481 -88.874 147.311
/date 2001-01-31 107.167 -9.628 107.598 110.946 -97.025 147.387
/date 2001-02-04 105.340 -21.637 107.539 103.861 -104.696 147.473
/date 2001-02-08 102.173 -33.371 107.484 96.264 -111.849 147.570
/date 2001-02-12 97.705 -44.680 107.436 88.191 -118.452 147.677
/date 2001-02-16 91.992 -55.419 107.395 79.685 -124.471 147.793
/date 2001-02-20 85.106 -65.452 107.364 70.788 -129.880 147.918
/date 2001-02-24 77.135 -74.650 107.343 61.544 -134.652 148.050
/date 2001-02-28 68.180 -82.896 107.333 52.000 -138.767 148.190
/date 2001-03-04 58.356 -90.085 107.335 42.202 -142.207 148.337
/date 2001-03-08 47.788 -96.126 107.350 32.200 -144.956 148.490
/date 2001-03-12 36.611 -100.943 107.377 22.041 -147.004 148.647
/date 2001-03-16 24.968 -104.476 107.418 11.777 -148.343 148.809
/date 2001-03-20 13.009 -106.681 107.471 1.455 -148.968 148.975
/date 2001-03-24 0.884 -107.532 107.535 -8.873 -148.879 149.144
/date 2001-03-28 -11.252 -107.020 107.610 -19.159 -148.080 149.314
/date 2001-04-01 -23.246 -105.156 107.695 -29.354 -146.575 149.486
/date 2001-04-05 -34.947 -101.964 107.786 -39.409 -144.376 149.658
/date 2001-04-09 -46.207 -97.487 107.883 -49.279 -141.494 149.829
/date 2001-04-13 -56.887 -91.785 107.984 -58.916 -137.945 149.999
/date 2001-04-17 -66.853 -84.932 108.087 -68.277 -133.748 150.168
/date 2001-04-21 -75.983 -77.015 108.188 -77.318 -128.926 150.333
/date 2001-04-25 -84.163 -68.138 108.288 -85.998 -123.503 150.494
/date 2001-04-29 -91.296 -58.411 108.383 -94.279 -117.505 150.652
/date 2001-05-03 -97.294 -47.958 108.471 -102.123 -110.963 150.804
/date 2001-05-07 -102.084 -36.911 108.552 -109.495 -103.908 150.950
/date 2001-05-11 -105.612 -25.406 108.625 -116.363 -96.374 151.090
/date 2001-05-15 -107.834 -13.587 108.687 -122.696 -88.398 151.223
/date 2001-05-19 -108.727 -1.601 108.739 -128.467 -80.016 151.349
/date 2001-05-23 -108.281 10.405 108.779 -133.651 -71.269 151.466
/date 2001-05-27 -106.503 22.283 108.809 -138.226 -62.197 151.574
/date 2001-05-31 -103.418 33.887 108.828 -142.171 -52.842 151.674
/date 2001-06-04 -99.064 45.076 108.837 -145.471 -43.247 151.763
/date 2001-06-08 -93.495 55.712 108.836 -148.111 -33.455 151.843
/date 2001-06-12 -86.781 65.666 108.825 -150.081 -23.513 151.912
/date 2001-06-16 -79.004 74.815 108.807 -151.373 -13.464 151.971
/date 2001-06-20 -70.260 83.048 108.782 -151.982 -3.354 152.019
/date 2001-06-24 -60.655 90.264 108.750 -151.904 6.771 152.055
/date 2001-06-28 -50.306 96.373 108.713 -151.142 16.865 152.081
/date 2001-07-02 -39.341 101.301 108.672 -149.700 26.884 152.095
/date 2001-07-06 -27.893 104.985 108.627 -147.583 36.781 152.097
/date 2001-07-10 -16.101 107.379 108.579 -144.801 46.513 152.088
/date 2001-07-14 -4.112 108.451 108.529 -141.367 56.035 152.068
/date 2001-07-18 7.927 108.187 108.477 -137.297 65.304 152.036
/date 2001-07-22 19.869 106.587 108.423 -132.607 74.280 151.994
/date 2001-07-26 31.565 103.669 108.368 -127.319 82.920 151.940
/date 2001-07-30 42.870 99.466 108.312 -121.455 91.185 151.875
/date 2001-08-03 53.643 94.028 108.253 -115.043 99.038 151.800
/date 2001-08-07 63.747 87.419 108.194 -108.109 106.442 151.715
/date 2001-08-11 73.057 79.720 108.132 -100.684 113.364 151.620
/date 2001-08-15 81.452 71.024 108.069 -92.802 119.770 151.516
/date 2001-08-19 88.828 61.439 108.005 -84.497 125.630 151.402
/date 2001-08-23 95.087 51.081 107.939 -75.807 130.917 151.281
/date 2001-08-27 100.150 40.081 107.872 -66.769 135.604 151.151
/date 2001-08-31 103.949 28.575 107.805 -57.425 139.670 151.014
/date 2001-09-04 106.435 16.709 107.738 -47.817 143.092 150.870
/date 2001-09-08 107.573 4.630 107.673 -37.988 145.855 150.721
/date 2001-09-12 107.347 -7.507 107.609 -27.984 147.942 150.566
/date 2001-09-16 105.757 -19.548 107.549 -17.850 149.343 150.406
/date 2001-09-20 102.823 -31.341 107.493 -7.632 150.048 150.242
/date 2001-09-24 98.579 -42.735 107.444 2.621 150.052 150.075
/date 2001-09-28 93.080 -53.585 107.402 12.862 149.353 149.906
/date 2001-10-02 86.394 -63.751 107.369 23.042 147.951 149.735
/date 2001-10-06 78.606 -73.104 107.346 33.113 145.851 149.563
/date 2001-10-10 69.815 -81.525 107.334 43.028 143.060 149.391
/date 2001-10-14 60.134 -88.906 107.334 52.738 139.590 149.220
/date 2001-10-18 49.687 -95.155 107.346 62.197 135.453 149.050
/date 2001-10-22 38.607 -100.191 107.372 71.358 130.669 148.883
/date 2001-10-26 27.035 -103.952 107.410 80.176 125.257 148.719
/date 2001-10-30 15.120 -106.392 107.461 88.608 119.242 148.560
/date 2001-11-03 3.013 -107.481 107.523 96.612 112.650 148.405
/date 2001-11-07 -9.132 -107.208 107.597 104.147 105.513 148.255
/date 2001-11-11 -21.162 -105.579 107.679 111.176 97.862 148.112
/date 2001-11-15 -32.925 -102.617 107.770 117.663 89.734 147.976
/date 2001-11-19 -44.273 -98.362 107.866 123.575 81.168 147.848
/date 2001-11-23 -55.064 -92.869 107.966 128.881 72.203 147.728
/date 2001-11-27 -65.164 -86.212 108.069 133.553 62.884 147.617
/date 2001-12-01 -74.449 -78.475 108.171 137.567 53.255 147.516
/date 2001-12-05 -82.803 -69.758 108.271 140.903 43.363 147.424
/date 2001-12-09 -90.126 -60.171 108.366 143.541 33.257 147.343
/date 2001-12-13 -96.328 -49.836 108.456 145.469 22.986 147.274
/date 2001-12-17 -101.335 -38.883 108.539 146.675 12.601 147.215
/date 2001-12-21 -105.087 -27.448 108.613 147.152 2.153 147.168
/date 2001-12-25 -107.540 -15.674 108.677 146.899 -8.305 147.133
/date 2001-12-29 -108.667 -3.707 108.730 145.914 -18.722 147.110
/date 2002-01-02 -108.455 8.306 108.773 144.203 -29.046 147.099
/date 2002-01-06 -106.910 20.217 108.805 141.775 -39.225 147.101
/date 2002-01-10 -104.051 31.880 108.826 138.641 -49.209 147.115
/date 2002-01-14 -99.916 43.152 108.836 134.816 -58.948 147.140
/date 2002-01-18 -94.556 53.894 108.836 130.322 -68.394 147.178
/date 2002-01-22 -88.037 63.977 108.828 125.179 -77.500 147.228
/date 2002-01-26 -80.440 73.275 108.811 119.415 -86.221 147.289
/date 2002-01-30 -71.857 81.676 108.786 113.059 -94.515 147.362
/date 2002-02-03 -62.395 89.077 108.756 106.144 -102.340 147.445
/date 2002-02-07 -52.168 95.386 108.720 98.703 -109.660 147.539
/date 2002-02-11 -41.301 100.526 108.679 90.776 -116.439 147.642
/date 2002-02-15 -29.927 104.431 108.635 82.401 -122.645 147.756
/date 2002-02-19 -18.186 107.054 108.588 73.622 -128.248 147.877
/date 2002-02-23 -6.221 108.360 108.538 64.482 -133.223 148.008
/date 2002-02-27 5.821 108.330 108.486 55.027 -137.547 148.145
/date 2002-03-03 17.791 106.963 108.433 45.304 -141.200 148.290
/date 2002-03-07 29.541 104.274 108.378 35.361 -144.168 148.441
/date 2002-03-11 40.924 100.293 108.322 25.246 -146.437 148.597
/date 2002-03-15 51.800 95.067 108.264 15.009 -147.999 148.758
/date 2002-03-19 62.031 88.658 108.204 4.700 -148.848 148.923
/date 2002-03-23 71.488 81.144 108.143 -5.631 -148.984 149.090
/date 2002-03-27 80.052 72.615 108.080 -15.936 -148.407 149.260
/date 2002-03-31 87.614 63.177 108.016 -26.164 -147.123 149.432
/date 2002-04-04 94.075 52.946 107.951 -36.269 -145.141 149.604
/date 2002-04-08 99.352 42.049 107.884 -46.202 -142.471 149.775
/date 2002-04-12 103.377 30.621 107.817 -55.917 -139.130 149.946
/date 2002-04-16 106.096 18.807 107.750 -65.369 -135.135 150.115
/date 2002-04-20 107.472 6.755 107.684 -74.515 -130.507 150.281
/date 2002-04-24 107.485 -5.383 107.620 -83.313 -125.269 150.444
/date 2002-04-28 106.134 -17.452 107.559 -91.724 -119.449 150.603
/date 2002-05-02 103.433 -29.300 107.503 -99.709 -113.074 150.757
/date 2002-05-06 99.415 -40.774 107.452 -107.233 -106.177 150.905
/date 2002-05-10 94.131 -51.730 107.409 -114.262 -98.790 151.047
/date 2002-05-14 87.647 -62.025 107.374 -120.766 -90.948 151.182
/date 2002-05-18 80.046 -71.530 107.349 -126.717 -82.690 151.310
/date 2002-05-22 71.423 -80.122 107.335 -132.088 -74.053 151.430
/date 2002-05-26 61.889 -87.693 107.333 -136.856 -65.079 151.541
/date 2002-05-30 51.567 -94.145 107.343 -141.001 -55.808 151.643
/date 2002-06-03 40.588 -99.399 107.366 -144.505 -46.283 151.736
/date 2002-06-07 29.092 -103.387 107.402 -147.354 -36.549 151.819
/date 2002-06-11 17.226 -106.061 107.451 -149.535 -26.649 151.891
/date 2002-06-15 5.142 -107.389 107.512 -151.041 -16.629 151.953
/date 2002-06-19 -7.008 -107.355 107.583 -151.864 -6.533 152.005
/date 2002-06-23 -19.069 -105.962 107.664 -152.002 3.592 152.045
/date 2002-06-27 -30.890 -103.231 107.753 -151.455 13.701 152.074
/date 2002-07-01 -42.321 -99.198 107.849 -150.226 23.748 152.091
/date 2002-07-05 -53.219 -93.918 107.949 -148.320 33.688 152.097
/date 2002-07-09 -63.450 -87.459 108.051 -145.746 43.477 152.092
/date 2002-07-13 -72.886 -79.904 108.153 -142.515 53.069 152.075
/date 2002-07-17 -81.411 -71.351 108.253 -138.643 62.423 152.047
/date 2002-07-21 -88.922 -61.908 108.350 -134.145 71.495 152.008
/date 2002-07-25 -95.326 -51.696 108.441 -129.043 80.245 151.958
/date 2002-07-29 -100.547 -40.841 108.525 -123.357 88.632 151.897
/date 2002-08-02 -104.522 -29.480 108.600 -117.114 96.618 151.825
/date 2002-08-06 -107.206 -17.755 108.666 -110.341 104.167 151.743
/date 2002-08-10 -108.566 -5.811 108.722 -103.067 111.244 151.651
/date 2002-08-14 -108.589 6.205 108.766 -95.325 117.815 151.549
/date 2002-08-18 -107.276 18.144 108.800 -87.149 123.850 151.439
/date 2002-08-22 -104.646 29.861 108.823 -78.575 129.320 151.320
/date 2002-08-26 -100.731 41.211 108.835 -69.642 134.198 151.193
/date 2002-08-30 -95.581 52.056 108.837 -60.390 138.461 151.058
/date 2002-09-03 -89.259 62.263 108.830 -50.861 142.088 150.916
/date 2002-09-07 -81.845 71.708 108.814 -41.096 145.059 150.768
/date 2002-09-11 -73.428 80.274 108.791 -31.142 147.360 150.615
/date 2002-09-15 -64.111 87.857 108.762 -21.044 148.978 150.457
/date 2002-09-19 -54.009 94.363 108.726 -10.847 149.902 150.294
/date 2002-09-23 -43.245 99.713 108.687 -0.600 150.127 150.128
/date 2002-09-27 -31.950 103.839 108.643 9.650 149.649 149.959
/date 2002-10-01 -20.263 106.689 108.596 19.854 148.467 149.789
/date 2002-10-05 -8.327 108.227 108.547 29.965 146.586 149.617
/date 2002-10-09 3.712 108.432 108.495 39.934 144.011 149.445
/date 2002-10-13 15.705 107.299 108.442 49.713 140.752 149.274
/date 2002-10-17 27.504 104.840 108.388 59.256 136.823 149.104
/date 2002-10-21 38.963 101.082 108.332 68.515 132.240 148.936
/date 2002-10-25 49.937 96.070 108.274 77.446 127.023 148.771
/date 2002-10-29 60.291 89.863 108.215 86.004 121.195 148.610
/date 2002-11-02 69.893 82.536 108.154 94.147 114.781 148.453
/date 2002-11-06 78.622 74.178 108.092 101.833 107.812 148.302
/date 2002-11-10 86.366 64.892 108.028 109.026 100.318 148.157
/date 2002-11-14 93.026 54.790 107.962 115.686 92.337 148.018
/date 2002-11-18 98.516 44.000 107.896 121.782 83.904 147.887
/date 2002-11-22 102.765 32.656 107.829 127.281 75.060 147.765
/date 2002-11-26 105.716 20.898 107.762 132.155 65.847 147.651
/date 2002-11-30 107.329 8.877 107.695 136.379 56.310 147.546
/date 2002-12-04 107.582 -3.257 107.631 139.929 46.496 147.452
/date 2002-12-08 106.469 -15.350 107.569 142.788 36.452 147.368
/date 2002-12-12 104.002 -27.247 107.512 144.941 26.227 147.294
/date 2002-12-16 100.212 -38.798 107.461 146.374 15.872 147.232
/date 2002-12-20 95.146 -49.854 107.416 147.081 5.439 147.182
/date 2002-12-24 88.867 -60.275 107.379 147.057 -5.022 147.143
/date 2002-12-28 81.454 -69.927 107.353 146.302 -15.457 147.116
/date 2003-01-01 73.003 -78.688 107.337 144.819 -25.816 147.102
/date 2003-01-05 63.620 -86.445 107.332 142.614 -36.046 147.099
/date 2003-01-09 53.427 -93.100 107.340 139.700 -46.097 147.109
/date 2003-01-13 42.553 -98.568 107.361 136.091 -55.918 147.131
/date 2003-01-17 31.137 -102.782 107.395 131.805 -65.461 147.165
/date 2003-01-21 19.325 -105.689 107.442 126.863 -74.679 147.211
/date 2003-01-25 7.268 -107.254 107.500 121.291 -83.525 147.269
/date 2003-01-29 -4.882 -107.459 107.570 115.118 -91.958 147.338
/date 2003-02-02 -16.969 -106.303 107.649 108.374 -99.935 147.418
/date 2003-02-06 -28.843 -103.805 107.737 101.095 -107.418 147.508
/date 2003-02-10 -40.352 -99.997 107.832 93.316 -114.370 147.609
/date 2003-02-14 -51.354 -94.931 107.931 85.077 -120.759 147.719
/date 2003-02-18 -61.711 -88.672 108.033 76.421 -126.554 147.838
/date 2003-02-22 -71.295 -81.303 108.135 67.389 -131.729 147.966
/date 2003-02-26 -79.988 -72.917 108.236 58.028 -136.260 148.101
/date 2003-03-02 -87.683 -63.622 108.333 48.384 -140.126 148.244
/date 2003-03-06 -94.287 -53.535 108.426 38.505 -143.310 148.393
/date 2003-03-10 -99.721 -42.783 108.511 28.439 -145.800 148.547
/date 2003-03-14 -103.918 -31.501 108.588 18.235 -147.585 148.707
/date 2003-03-18 -106.831 -19.830 108.655 7.943 -148.658 148.870
/date 2003-03-22 -108.424 -7.913 108.713 -2.386 -149.018 149.037
/date 2003-03-26 -108.682 4.101 108.759 -12.705 -148.665 149.207
/date 2003-03-30 -107.602 16.064 108.795 -22.962 -147.602 149.378
/date 2003-04-03 -105.200 27.831 108.819 -33.111 -145.838 149.549
/date 2003-04-07 -101.507 39.255 108.833 -43.103 -143.383 149.721
/date 2003-04-11 -96.569 50.199 108.837 -52.891 -140.251 149.892
/date 2003-04-15 -90.448 60.527 108.832 -62.431 -136.459 150.062
/date 2003-04-19 -83.219 70.113 108.818 -71.678 -132.027 150.229
/date 2003-04-23 -74.970 78.841 108.796 -80.589 -126.978 150.393
/date 2003-04-27 -65.803 86.604 108.767 -89.126 -121.338 150.553
/date 2003-05-01 -55.830 93.305 108.733 -97.249 -115.134 150.709
/date 2003-05-05 -45.173 98.862 108.694 -104.921 -108.397 150.859
/date 2003-05-09 -33.961 103.207 108.651 -112.109 -101.160 151.003
/date 2003-05-13 -22.333 106.283 108.604 -118.782 -93.458 151.140
/date 2003-05-17 -10.429 108.053 108.556 -124.909 -85.326 151.271
/date 2003-05-21 1.602 108.493 108.505 -130.464 -76.804 151.393
/date 2003-05-25 13.614 107.594 108.452 -135.424 -67.931 151.507
/date 2003-05-29 25.458 105.366 108.397 -139.767 -58.749 151.612
/date 2003-06-02 36.986 101.833 108.341 -143.474 -49.299 151.708
/date 2003-06-06 48.056 97.037 108.284 -146.530 -39.626 151.794
/date 2003-06-10 58.528 91.034 108.225 -148.923 -29.773 151.870
/date 2003-06-14 68.270 83.897 108.165 -150.641 -19.786 151.935
/date 2003-06-18 77.160 75.713 108.103 -151.679 -9.709 151.990
/date 2003-06-22 85.085 66.581 108.039 -152.033 0.412 152.033
/date 2003-06-26 91.942 56.614 107.974 -151.701 10.531 152.066
/date 2003-06-30 97.642 45.935 107.908 -150.685 20.602 152.087
/date 2003-07-04 102.113 34.677 107.841 -148.991 30.581 152.097
/date 2003-07-08 105.295 22.982 107.773 -146.625 40.422 152.095
/date 2003-07-12 107.144 10.996 107.707 -143.600 50.080 152.082
/date 2003-07-16 107.636 -1.130 107.642 -139.927 59.514 152.057
/date 2003-07-20 106.762 -13.241 107.580 -135.624 68.679 152.022
/date 2003-07-24 104.531 -25.183 107.522 -130.709 77.534 151.975
/date 2003-07-28 100.970 -36.806 107.469 -125.204 86.039 151.917
/date 2003-08-01 96.123 -47.959 107.423 -119.133 94.155 151.849
/date 2003-08-05 90.051 -58.501 107.385 -112.523 101.846 151.770
/date 2003-08-09 82.831 -68.297 107.357 -105.403 109.074 151.681
/date 2003-08-13 74.554 -77.222 107.339 -97.805 115.808 151.582
/date 2003-08-17 65.326 -85.163 107.332 -89.761 122.014 151.475
/date 2003-08-21 55.266 -92.017 107.338 -81.309 127.664 151.358
/date 2003-08-25 44.501 -97.699 107.357 -72.484 132.731 151.233
/date 2003-08-29 33.170 -102.137 107.388 -63.328 137.190 151.101
/date 2003-09-02 21.417 -105.276 107.433 -53.881 141.019 150.962
/date 2003-09-06 9.391 -107.078 107.489 -44.186 144.198 150.816
/date 2003-09-10 -2.753 -107.522 107.557 -34.286 146.711 150.664
/date 2003-09-14 -14.863 -106.604 107.635 -24.228 148.544 150.507
/date 2003-09-18 -26.785 -104.338 107.721 -14.057 149.687 150.346
/date 2003-09-22 -38.369 -100.757 107.815 -3.821 150.132 150.181
/date 2003-09-26 -49.470 -95.906 107.913 6.433 149.875 150.013
/date 2003-09-30 -59.949 -89.852 108.015 16.657 148.914 149.843
/date 2003-10-04 -69.677 -82.670 108.117 26.802 147.252 149.671
/date 2003-10-08 -78.534 -74.455 108.219 36.821 144.894 149.499
/date 2003-10-12 -86.411 -65.311 108.317 46.665 141.849 149.328
/date 2003-10-16 -93.213 -55.354 108.410 56.287 138.129 149.157
/date 2003-10-20 -98.856 -44.709 108.496 65.640 133.749 148.988
/date 2003-10-24 -103.274 -33.510 108.575 74.679 128.729 148.822
/date 2003-10-28 -106.415 -21.896 108.644 83.359 123.090 148.660
/date 2003-11-01 -108.241 -10.012 108.703 91.636 116.857 148.502
/date 2003-11-05 -108.734 1.995 108.752 99.471 110.059 148.349
/date 2003-11-09 -107.888 13.979 108.789 106.822 102.726 148.202
/date 2003-11-13 -105.716 25.790 108.816 113.654 94.894 148.061
/date 2003-11-17 -102.246 37.285 108.832 119.930 86.599 147.928
/date 2003-11-21 -97.522 48.322 108.837 125.620 77.879 147.802
/date 2003-11-25 -91.603 58.767 108.833 130.693 68.778 147.686
/date 2003-11-29 -84.562 68.493 108.821 135.124 59.338 147.578
/date 2003-12-03 -76.485 77.379 108.800 138.888 49.606 147.481
/date 2003-12-07 -67.471 85.318 108.773 141.966 39.628 147.393
/date 2003-12-11 -57.631 92.211 108.739 144.342 29.455 147.316
/date 2003-12-15 -47.084 97.974 108.701 146.002 19.136 147.251
/date 2003-12-19 -35.960 102.536 108.658 146.938 8.721 147.196
/date 2003-12-23 -24.394 105.838 108.613 147.144 -1.736 147.154
/date 2003-12-27 -12.528 107.839 108.564 146.618 -12.185 147.123
/date 2003-12-31 -0.508 108.512 108.514 145.363 -22.573 147.105
/date 2004-01-04 11.518 107.848 108.461 143.384 -32.849 147.099
/date 2004-01-08 23.401 105.851 108.407 140.691 -42.962 147.105
/date 2004-01-12 34.996 102.544 108.351 137.299 -52.861 147.123
/date 2004-01-16 46.156 97.966 108.294 133.223 -62.496 147.153
/date 2004-01-20 56.742 92.170 108.236 128.484 -71.821 147.195
/date 2004-01-24 66.622 85.226 108.175 123.108 -80.789 147.249
/date 2004-01-28 75.670 77.218 108.114 117.120 -89.356 147.315
/date 2004-02-01 83.771 68.244 108.050 110.552 -97.481 147.391
/date 2004-02-05 90.821 58.415 107.985 103.437 -105.123 147.479
/date 2004-02-09 96.731 47.851 107.919 95.811 -112.245 147.576
/date 2004-02-13 101.422 36.685 107.852 87.712 -118.815 147.683
/date 2004-02-17 104.832 25.056 107.785 79.182 -124.799 147.800
/date 2004-02-21 106.918 13.110 107.719 70.264 -130.172 147.925
/date 2004-02-25 107.649 0.998 107.653 61.001 -134.907 148.058
/date 2004-02-29 107.014 -11.127 107.591 51.441 -138.984 148.198
/date 2004-03-04 105.019 -23.110 107.532 41.630 -142.384 148.345
/date 2004-03-08 101.688 -34.799 107.478 31.618 -145.093 148.498
/date 2004-03-12 97.063 -46.045 107.431 21.452 -147.100 148.656
/date 2004-03-16 91.200 -56.704 107.391 11.182 -148.398 148.819
/date 2004-03-20 84.175 -66.641 107.361 0.859 -148.982 148.984
/date 2004-03-24 76.076 -75.727 107.341 -9.468 -148.852 149.153
/date 2004-03-28 67.007 -83.847 107.332 -19.750 -148.012 149.324
/date 2004-04-01 57.083 -90.899 107.336 -29.938 -146.467 149.495
/date 2004-04-05 46.432 -96.792 107.353 -39.984 -144.227 149.667
/date 2004-04-09 35.190 -101.452 107.382 -49.841 -141.306 149.839
/date 2004-04-13 23.500 -104.822 107.424 -59.464 -137.720 150.009
/date 2004-04-17 11.511 -106.860 107.478 -68.807 -133.486 150.177
/date 2004-04-21 -0.623 -107.542 107.544 -77.829 -128.629 150.342
/date 2004-04-25 -12.750 -106.863 107.621 -86.487 -123.171 150.503
/date 2004-04-29 -24.716 -104.831 107.706 -94.744 -117.141 150.660
/date 2004-05-03 -36.370 -101.477 107.798 -102.562 -110.569 150.812
/date 2004-05-07 -47.566 -96.845 107.896 -109.906 -103.485 150.958
/date 2004-05-11 -58.164 -90.996 107.997 -116.743 -95.925 151.098
/date 2004-05-15 -68.033 -84.006 108.099 -123.045 -87.924 151.230
/date 2004-05-19 -77.050 -75.965 108.201 -128.783 -79.520 151.355
/date 2004-05-23 -85.107 -66.976 108.300 -133.932 -70.753 151.472
/date 2004-05-27 -92.103 -57.152 108.394 -138.470 -61.664 151.580
/date 2004-05-31 -97.954 -46.618 108.482 -142.379 -52.293 151.679
/date 2004-06-04 -102.591 -35.506 108.562 -145.641 -42.686 151.768
/date 2004-06-08 -105.959 -23.955 108.633 -148.243 -32.884 151.847
/date 2004-06-12 -108.017 -12.107 108.694 -150.174 -22.934 151.915
/date 2004-06-16 -108.744 -0.111 108.744 -151.427 -12.881 151.974
/date 2004-06-20 -108.132 11.887 108.784 -151.995 -2.769 152.021
/date 2004-06-24 -106.191 23.739 108.812 -151.879 7.356 152.057
/date 2004-06-28 -102.946 35.300 108.830 -151.077 17.447 152.081
/date 2004-07-02 -98.438 46.427 108.837 -149.595 27.459 152.095
/date 2004-07-06 -92.723 56.986 108.835 -147.440 37.348 152.097
/date 2004-07-10 -85.873 66.846 108.823 -144.620 47.069 152.087
/date 2004-07-14 -77.970 75.888 108.804 -141.149 56.578 152.066
/date 2004-07-18 -69.113 84.000 108.778 -137.042 65.832 152.034
/date 2004-07-22 -59.409 91.083 108.745 -132.317 74.789 151.991
/date 2004-07-26 -48.977 97.050 108.708 -126.995 83.408 151.936
/date 2004-07-30 -37.944 101.826 108.666 -121.099 91.651 151.871
/date 2004-08-03 -26.446 105.352 108.621 -114.656 99.479 151.796
/date 2004-08-07 -14.622 107.584 108.573 -107.692 106.856 151.710
/date 2004-08-11 -2.619 108.491 108.523 -100.241 113.748 151.614
/date 2004-08-15 9.417 108.061 108.470 -92.333 120.124 151.509
/date 2004-08-19 21.336 106.296 108.417 -84.005 125.952 151.396
/date 2004-08-23 32.992 103.217 108.361 -75.293 131.204 151.273
/date 2004-08-27 44.238 98.858 108.304 -66.237 135.857 151.143
/date 2004-08-31 54.935 93.270 108.246 -56.877 139.885 151.006
/date 2004-09-04 64.948 86.522 108.186 -47.255 143.270 150.862
/date 2004-09-08 74.150 78.694 108.125 -37.415 145.994 150.712
/date 2004-09-12 82.425 69.882 108.061 -27.401 148.042 150.557
/date 2004-09-16 89.666 60.194 107.997 -17.261 149.403 150.397
/date 2004-09-20 95.781 49.749 107.931 -7.040 150.068 150.233
/date 2004-09-24 100.691 38.679 107.864 3.213 150.031 150.066
/date 2004-09-28 104.330 27.120 107.797 13.452 149.291 149.896
/date 2004-10-02 106.650 15.219 107.730 23.627 147.849 149.725
/date 2004-10-06 107.619 3.125 107.665 33.691 145.709 149.553
/date 2004-10-10 107.224 -9.008 107.601 43.595 142.879 149.382
/date 2004-10-14 105.466 -21.027 107.542 53.292 139.369 149.210
/date 2004-10-18 102.367 -32.779 107.487 62.734 135.195 149.041
/date 2004-10-22 97.964 -44.113 107.438 71.877 130.374 148.874
/date 2004-10-26 92.314 -54.885 107.397 80.674 124.926 148.711
/date 2004-10-30 85.486 -64.958 107.365 89.082 118.877 148.551
/date 2004-11-03 77.568 -74.202 107.344 97.060 112.253 148.396
/date 2004-11-07 68.661 -82.499 107.333 104.568 105.085 148.247
/date 2004-11-11 58.878 -89.745 107.335 111.566 97.406 148.105
/date 2004-11-15 48.345 -95.846 107.349 118.021 89.252 147.969
/date 2004-11-19 37.196 -100.727 107.376 123.898 80.661 147.841
/date 2004-11-23 25.574 -104.327 107.416 129.168 71.675 147.722
/date 2004-11-27 13.627 -106.601 107.468 133.803 62.337 147.611
/date 2004-12-01 1.506 -107.521 107.532 137.779 52.691 147.510
/date 2004-12-05 -10.633 -107.080 107.606 141.074 42.786 147.420
/date 2004-12-09 -22.638 -105.284 107.690 143.672 32.669 147.339
/date 2004-12-13 -34.357 -102.159 107.781 145.558 22.390 147.270
/date 2004-12-17 -45.643 -97.747 107.878 146.722 12.000 147.212
/date 2004-12-21 -56.356 -92.106 107.979 147.158 1.550 147.166
/date 2004-12-25 -66.362 -85.309 108.081 146.862 -8.907 147.132
/date 2004-12-29 -75.537 -77.445 108.183 145.835 -19.320 147.110
/date 2005-01-02 -83.769 -68.614 108.283 144.083 -29.637 147.099
/date 2005-01-06 -90.957 -58.928 108.378 141.613 -39.806 147.102
/date 2005-01-10 -97.015 -48.509 108.467 138.439 -49.777 147.116
/date 2005-01-14 -101.869 -37.489 108.548 134.575 -59.501 147.142
/date 2005-01-18 -105.462 -26.004 108.621 130.043 -68.928 147.181
/date 2005-01-22 -107.752 -14.198 108.684 124.864 -78.013 147.231
/date 2005-01-26 -108.713 -2.217 108.736 119.065 -86.711 147.293
/date 2005-01-30 -108.336 9.792 108.777 112.676 -94.979 147.366
/date 2005-02-03 -106.626 21.680 108.808 105.729 -102.776 147.450
/date 2005-02-07 -103.607 33.302 108.827 98.259 -110.066 147.544
/date 2005-02-11 -99.316 44.515 108.836 90.305 -116.813 147.649
/date 2005-02-15 -93.809 55.183 108.836 81.906 -122.984 147.762
/date 2005-02-19 -87.151 65.174 108.826 73.105 -128.552 147.885
/date 2005-02-23 -79.427 74.368 108.808 63.945 -133.490 148.015
/date 2005-02-27 -70.729 82.650 108.783 54.473 -137.775 148.153
/date 2005-03-03 -61.165 89.920 108.751 44.736 -141.390 148.298
/date 2005-03-07 -50.852 96.088 108.715 34.782 -144.317 148.450
/date 2005-03-11 -39.915 101.078 108.674 24.658 -146.546 148.606
/date 2005-03-15 -28.488 104.827 108.629 14.416 -148.067 148.767
/date 2005-03-19 -16.711 107.288 108.582 4.105 -148.875 148.932
/date 2005-03-23 -4.728 108.429 108.532 -6.227 -148.970 149.100
/date 2005-03-27 7.312 108.233 108.480 -16.528 -148.352 149.270
/date 2005-03-31 19.263 106.701 108.426 -26.751 -147.027 149.441
/date 2005-04-04 30.975 103.850 108.371 -36.847 -145.005 149.613
/date 2005-04-08 42.304 99.712 108.314 -46.768 -142.296 149.785
/date 2005-04-12 53.106 94.335 108.256 -56.469 -138.917 149.955
/date 2005-04-16 63.248 87.785 108.197 -65.905 -134.884 150.124
/date 2005-04-20 72.601 80.139 108.135 -75.032 -130.220 150.290
/date 2005-04-24 81.047 71.492 108.073 -83.809 -124.948 150.453
/date 2005-04-28 88.477 61.949 108.008 -92.196 -119.095 150.611
/date 2005-05-02 94.795 51.628 107.943 -100.156 -112.689 150.765
/date 2005-05-06 99.921 40.658 107.876 -107.652 -105.763 150.913
/date 2005-05-10 103.786 29.174 107.809 -114.652 -98.348 151.055
/date 2005-05-14 106.340 17.322 107.742 -121.125 -90.482 151.189
/date 2005-05-18 107.548 5.251 107.676 -127.043 -82.201 151.317
/date 2005-05-22 107.392 -6.887 107.612 -132.379 -73.543 151.436
/date 2005-05-26 105.872 -18.937 107.552 -137.112 -64.551 151.547
/date 2005-05-30 103.005 -30.746 107.496 -141.220 -55.264 151.649
/date 2005-06-03 98.828 -42.164 107.446 -144.687 -45.726 151.741
/date 2005-06-07 93.391 -53.045 107.404 -147.498 -35.981 151.823
/date 2005-06-11 86.764 -63.249 107.370 -149.641 -26.073 151.895
/date 2005-06-15 79.030 -72.647 107.347 -151.107 -16.047 151.956
/date 2005-06-19 70.288 -81.119 107.334 -151.891 -5.948 152.007
/date 2005-06-23 60.650 -88.555 107.333 -151.989 4.177 152.046
/date 2005-06-27 50.239 -94.864 107.345 -151.402 14.284 152.075
/date 2005-07-01 39.188 -99.963 107.370 -150.134 24.326 152.092
/date 2005-07-05 27.638 -103.791 107.408 -148.189 34.259 152.097
/date 2005-07-09 15.737 -106.300 107.458 -145.577 44.037 152.091
/date 2005-07-13 3.636 -107.459 107.520 -142.309 53.617 152.074
/date 2005-07-17 -8.512 -107.256 107.593 -138.399 62.955 152.045
/date 2005-07-21 -20.551 -105.696 107.675 -133.866 72.010 152.005
/date 2005-07-25 -32.331 -102.801 107.765 -128.729 80.740 151.955
/date 2005-07-29 -43.704 -98.610 107.861 -123.011 89.105 151.893
/date 2005-08-02 -54.527 -93.180 107.961 -116.737 97.067 151.820
/date 2005-08-06 -64.665 -86.580 108.063 -109.933 104.590 151.738
/date 2005-08-10 -73.995 -78.896 108.166 -102.632 111.638 151.645
/date 2005-08-14 -82.399 -70.227 108.266 -94.864 118.179 151.543
/date 2005-08-18 -89.777 -60.682 108.362 -86.664 124.182 151.432
/date 2005-08-22 -96.039 -50.382 108.452 -78.068 129.618 151.313
/date 2005-08-26 -101.108 -39.457 108.535 -69.116 134.462 151.185
/date 2005-08-30 -104.926 -28.044 108.609 -59.847 138.689 151.050
/date 2005-09-03 -107.447 -16.283 108.674 -50.302 142.278 150.908
/date 2005-09-07 -108.642 -4.322 108.728 -40.526 145.211 150.760
/date 2005-09-11 -108.499 7.692 108.771 -30.562 147.473 150.606
/date 2005-09-15 -107.021 19.612 108.803 -20.457 149.050 150.448
/date 2005-09-19 -104.229 31.291 108.825 -10.256 149.934 150.285
/date 2005-09-23 -100.158 42.586 108.835 -0.008 150.119 150.119
/date 2005-09-27 -94.859 53.359 108.836 10.241 149.600 149.950
/date 2005-10-01 -88.397 63.478 108.828 20.441 148.378 149.779
/date 2005-10-05 -80.853 72.820 108.812 30.545 146.456 149.608
/date 2005-10-09 -72.319 81.270 108.788 40.504 143.842 149.436
/date 2005-10-13 -62.899 88.724 108.757 50.271 140.544 149.264
/date 2005-10-17 -52.708 95.091 108.721 59.799 136.577 149.094
/date 2005-10-21 -41.870 100.292 108.681 69.040 131.956 148.926
/date 2005-10-25 -30.519 104.262 108.637 77.951 126.703 148.762
/date 2005-10-29 -18.793 106.951 108.590 86.486 120.840 148.601
/date 2005-11-02 -6.836 108.325 108.540 94.603 114.394 148.445
/date 2005-11-06 5.205 108.364 108.489 102.263 107.393 148.294
/date 2005-11-10 17.182 107.066 108.436 109.425 99.871 148.149
/date 2005-11-14 28.947 104.444 108.381 116.054 91.862 148.011
/date 2005-11-18 40.353 100.528 108.324 122.116 83.404 147.881
/date 2005-11-22 51.258 95.364 108.267 127.580 74.538 147.758
/date 2005-11-26 61.525 89.014 108.207 132.417 65.305 147.645
/date 2005-11-30 71.025 81.554 108.146 136.602 55.751 147.541
/date 2005-12-04 79.638 73.075 108.084 140.113 45.922 147.447
/date 2005-12-08 87.253 63.681 108.020 142.932 35.866 147.364
/date 2005-12-12 93.772 53.487 107.954 145.043 25.633 147.291
/date 2005-12-16 99.112 42.621 107.888 146.435 15.272 147.229
/date 2005-12-20 103.203 31.217 107.821 147.100 4.836 147.179
/date 2005-12-24 105.989 19.419 107.753 147.034 -5.625 147.141
/date 2005-12-28 107.435 7.375 107.687 146.236 -16.057 147.115
/date 2006-01-01 107.518 -4.762 107.623 144.711 -26.410 147.101
/date 2006-01-05 106.236 -16.839 107.562 142.466 -36.631 147.100
/date 2006-01-09 103.603 -28.701 107.506 139.511 -46.669 147.110
/date 2006-01-13 99.652 -40.199 107.455 135.862 -56.476 147.133
/date 2006-01-17 94.432 -51.184 107.411 131.537 -66.002 147.168
/date 2006-01-21 88.007 -61.516 107.376 126.559 -75.199 147.214
/date 2006-01-25 80.461 -71.064 107.350 120.951 -84.023 147.272
/date 2006-01-29 71.888 -79.706 107.336 114.744 -92.430 147.342
/date 2006-02-02 62.398 -87.332 107.333 107.969 -100.380 147.422
/date 2006-02-06 52.113 -93.844 107.342 100.659 -107.833 147.514
/date 2006-02-10 41.164 -99.160 107.365 92.853 -114.754 147.615
/date 2006-02-14 29.691 -103.215 107.400 84.589 -121.109 147.725
/date 2006-02-18 17.840 -105.957 107.448 75.910 -126.870 147.845
/date 2006-02-22 5.763 -107.354 107.508 66.858 -132.008 147.973
/date 2006-02-26 -6.387 -107.390 107.579 57.479 -136.501 148.109
/date 2006-03-02 -18.456 -106.066 107.660 47.820 -140.328 148.252
/date 2006-03-06 -30.292 -103.403 107.749 37.929 -143.472 148.401
/date 2006-03-10 -41.747 -99.436 107.844 27.853 -145.922 148.556
/date 2006-03-14 -52.676 -94.218 107.944 17.643 -147.666 148.716
/date 2006-03-18 -62.944 -87.817 108.045 7.348 -148.698 148.880
/date 2006-03-22 -72.424 -80.317 108.148 -2.982 -149.017 149.047
/date 2006-03-26 -80.998 -71.812 108.248 -13.298 -148.622 149.216
/date 2006-03-30 -88.563 -62.412 108.345 -23.551 -147.519 149.387
/date 2006-04-03 -95.026 -52.236 108.436 -33.692 -145.715 149.559
/date 2006-04-07 -100.309 -41.410 108.521 -43.674 -143.220 149.731
/date 2006-04-11 -104.350 -30.072 108.597 -53.449 -140.049 149.902
/date 2006-04-15 -107.100 -18.362 108.663 -62.973 -136.220 150.071
/date 2006-04-19 -108.529 -6.426 108.719 -72.201 -131.752 150.238
/date 2006-04-23 -108.620 5.590 108.764 -81.092 -126.668 150.402
/date 2006-04-27 -107.376 17.537 108.798 -89.606 -120.994 150.562
/date 2006-05-01 -104.812 29.269 108.822 -97.704 -114.759 150.717
/date 2006-05-05 -100.961 40.641 108.834 -105.349 -107.992 150.867
/date 2006-05-09 -95.873 51.515 108.837 -112.509 -100.727 151.011
/date 2006-05-13 -89.610 61.758 108.830 -119.150 -92.999 151.148
/date 2006-05-17 -82.249 71.244 108.815 -125.245 -84.844 151.278
/date 2006-05-21 -73.881 79.858 108.792 -130.767 -76.300 151.399
/date 2006-05-25 -64.608 87.494 108.763 -135.692 -67.409 151.513
/date 2006-05-29 -54.543 94.058 108.728 -139.998 -58.210 151.617
/date 2006-06-02 -43.810 99.468 108.688 -143.668 -48.746 151.713
/date 2006-06-06 -32.539 103.658 108.645 -146.686 -39.061 151.798
/date 2006-06-10 -20.868 106.575 108.598 -149.040 -29.199 151.873
/date 2006-06-14 -8.941 108.180 108.549 -150.719 -19.205 151.938
/date 2006-06-18 3.096 108.454 108.498 -151.718 -9.125 151.992
/date 2006-06-22 15.095 107.389 108.445 -152.032 0.997 152.035
/date 2006-06-26 26.908 104.998 108.390 -151.660 11.114 152.067
/date 2006-06-30 38.387 101.305 108.334 -150.605 21.182 152.088
/date 2006-07-04 49.390 96.356 108.277 -148.872 31.154 152.097
/date 2006-07-08 59.778 90.209 108.218 -146.468 40.985 152.094
/date 2006-07-12 69.422 82.937 108.157 -143.405 50.632 152.081
/date 2006-07-16 78.198 74.630 108.095 -139.695 60.051 152.056
/date 2006-07-20 85.995 65.388 108.031 -135.356 69.199 152.019
/date 2006-07-24 92.713 55.325 107.966 -130.406 78.036 151.972
/date 2006-07-28 98.265 44.567 107.899 -124.868 86.519 151.913
/date 2006-08-01 102.579 33.247 107.832 -118.765 94.612 151.844
/date 2006-08-05 105.597 21.508 107.765 -112.125 102.277 151.765
/date 2006-08-09 107.279 9.496 107.699 -104.977 109.478 151.675
/date 2006-08-13 107.602 -2.636 107.634 -97.352 116.181 151.576
/date 2006-08-17 106.559 -14.734 107.573 -89.283 122.356 151.468
/date 2006-08-21 104.161 -26.645 107.515 -80.808 127.974 151.351
/date 2006-08-25 100.438 -38.217 107.463 -71.964 133.006 151.226
/date 2006-08-29 95.435 -49.302 107.418 -62.790 137.429 151.093
/date 2006-09-02 89.216 -59.759 107.381 -53.327 141.220 150.954
/date 2006-09-06 81.860 -69.454 107.354 -43.619 144.361 150.807
/date 2006-09-10 73.459 -78.263 107.337 -33.709 146.836 150.655
/date 2006-09-14 64.122 -86.074 107.332 -23.643 148.629 150.498
/date 2006-09-18 53.967 -92.787 107.340 -13.467 149.732 150.336
/date 2006-09-22 43.124 -98.318 107.360 -3.229 150.137 150.171
/date 2006-09-26 31.733 -102.598 107.393 7.025 149.839 150.003
/date 2006-09-30 19.937 -105.573 107.439 17.246 148.837 149.833
/date 2006-10-04 7.889 -107.207 107.497 27.385 147.135 149.662
/date 2006-10-08 -4.259 -107.482 107.566 37.395 144.737 149.490
/date 2006-10-12 -16.354 -106.396 107.645 47.227 141.653 149.318
/date 2006-10-16 -28.242 -103.965 107.733 56.835 137.894 149.148
/date 2006-10-20 -39.774 -100.223 107.827 66.171 133.477 148.979
/date 2006-10-24 -50.805 -95.220 107.926 75.191 128.420 148.813
/date 2006-10-28 -61.199 -89.021 108.028 83.848 122.746 148.651
/date 2006-11-01 -70.825 -81.706 108.130 92.101 116.480 148.493
/date 2006-11-05 -79.566 -73.370 108.231 99.909 109.650 148.341
/date 2006-11-09 -87.315 -64.119 108.329 107.231 102.288 148.194
/date 2006-11-13 -93.977 -54.069 108.421 114.032 94.428 148.054
/date 2006-11-17 -99.472 -43.348 108.507 120.275 86.107 147.921
/date 2006-11-21 -103.734 -32.090 108.584 125.930 77.364 147.796
/date 2006-11-25 -106.713 -20.435 108.652 130.967 68.242 147.680
/date 2006-11-29 -108.375 -8.527 108.710 135.359 58.784 147.573
/date 2006-12-03 -108.701 3.485 108.757 139.084 49.037 147.476
/date 2006-12-07 -107.690 15.455 108.793 142.123 39.047 147.389
/date 2006-12-11 -105.355 27.235 108.818 144.457 28.863 147.313
/date 2006-12-15 -101.727 38.681 108.833 146.076 18.537 147.248
/date 2006-12-19 -96.851 49.652 108.837 146.970 8.119 147.194
/date 2006-12-23 -90.789 60.015 108.832 147.134 -2.339 147.152
/date 2006-12-27 -83.614 69.642 108.818 146.566 -12.786 147.122
/date 2006-12-31 -75.416 78.417 108.797 145.268 -23.169 147.104
/date 2007-01-04 -66.293 86.231 108.769 143.248 -33.437 147.099
/date 2007-01-08 -56.359 92.989 108.735 140.515 -43.539 147.106
/date 2007-01-12 -45.733 98.606 108.696 137.082 -53.424 147.124
/date 2007-01-16 -34.546 103.014 108.653 132.967 -63.043 147.155
/date 2007-01-20 -22.936 106.157 108.607 128.192 -72.348 147.198
/date 2007-01-24 -11.043 107.995 108.558 122.779 -81.294 147.253
/date 2007-01-28 0.986 108.503 108.507 116.757 -89.837 147.319
/date 2007-02-01 13.002 107.672 108.454 110.156 -97.934 147.396
/date 2007-02-05 24.858 105.511 108.400 103.011 -105.547 147.484
/date 2007-02-09 36.406 102.045 108.344 95.356 -112.639 147.582
/date 2007-02-13 47.503 97.312 108.287 87.232 -119.176 147.690
/date 2007-02-17 58.008 91.369 108.228 78.678 -125.126 147.807
/date 2007-02-21 67.791 84.289 108.168 69.739 -130.462 147.932
/date 2007-02-25 76.728 76.156 108.106 60.458 -135.160 148.066
/date 2007-03-01 84.704 67.069 108.042 50.882 -139.198 148.206
/date 2007-03-05 91.618 57.142 107.977 41.058 -142.559 148.354
/date 2007-03-09 97.380 46.496 107.911 31.035 -145.228 148.507
/date 2007-03-13 101.915 35.265 107.844 20.862 -147.194 148.665
/date 2007-03-17 105.164 23.588 107.777 10.588 -148.451 148.828
/date 2007-03-21 107.082 11.614 107.710 0.263 -148.994 148.994
/date 2007-03-25 107.644 -0.508 107.645 -10.063 -148.823 149.162
/date 2007-03-29 106.840 -12.624 107.583 -20.341 -147.941 149.333
/date 2007-04-02 104.678 -24.579 107.525 -30.522 -146.356 149.505
/date 2007-04-06 101.184 -36.221 107.472 -40.558 -144.077 149.677
/date 2007-04-10 96.402 -47.402 107.425 -50.403 -141.117 149.848
/date 2007-04-14 90.391 -57.978 107.387 -60.011 -137.492 150.018
/date 2007-04-18 83.227 -67.816 107.358 -69.337 -133.222 150.186
/date 2007-04-22 75.002 -76.788 107.339 -78.339 -128.329 150.351
/date 2007-04-26 65.820 -84.782 107.332 -86.975 -122.838 150.512
/date 2007-04-30 55.799 -91.694 107.338 -95.207 -116.776 150.669
/date 2007-05-04 45.067 -97.438 107.356 -102.999 -110.173 150.820
/date 2007-05-08 33.762 -101.941 107.387 -110.314 -103.061 150.966
/date 2007-05-12 22.027 -105.148 107.430 -117.122 -95.474 151.105
/date 2007-05-16 10.012 -107.019 107.486 -123.391 -87.449 151.237
/date 2007-05-20 -2.131 -107.532 107.553 -129.096 -79.023 151.362
/date 2007-05-24 -14.246 -106.684 107.631 -134.210 -70.236 151.478
/date 2007-05-28 -26.181 -104.487 107.717 -138.713 -61.129 151.585
/date 2007-06-01 -37.786 -100.971 107.810 -142.585 -51.744 151.684
/date 2007-06-05 -48.915 -96.185 107.908 -145.809 -42.124 151.772
/date 2007-06-09 -59.429 -90.190 108.010 -148.373 -32.313 151.851
/date 2007-06-13 -69.199 -83.064 108.112 -150.265 -22.356 151.919
/date 2007-06-17 -78.104 -74.900 108.213 -151.478 -12.297 151.976
/date 2007-06-21 -86.033 -65.801 108.312 -152.007 -2.184 152.023
/date 2007-06-25 -92.892 -55.882 108.405 -151.851 7.940 152.058
/date 2007-06-29 -98.596 -45.269 108.492 -151.010 18.028 152.082
/date 2007-07-03 -103.079 -34.095 108.571 -149.489 28.035 152.095
/date 2007-07-07 -106.286 -22.499 108.641 -147.295 37.915 152.096
/date 2007-07-11 -108.180 -10.625 108.700 -144.437 47.625 152.086
/date 2007-07-15 -108.741 1.380 108.749 -140.929 57.120 152.065
/date 2007-07-19 -107.963 13.368 108.788 -136.786 66.358 152.032
/date 2007-07-23 -105.858 25.191 108.815 -132.025 75.296 151.988
/date 2007-07-27 -102.454 36.706 108.831 -126.670 83.895 151.933
/date 2007-07-31 -97.793 47.770 108.837 -120.741 92.115 151.867
/date 2007-08-04 -91.934 58.249 108.834 -114.267 99.918 151.791
/date 2007-08-08 -84.948 68.014 108.821 -107.275 107.268 151.705
/date 2007-08-12 -76.922 76.946 108.801 -99.796 114.131 151.609
/date 2007-08-16 -67.953 84.936 108.774 -91.863 120.476 151.503
/date 2007-08-20 -58.153 91.885 108.741 -83.512 126.271 151.389
/date 2007-08-24 -47.639 97.708 108.703 -74.779 131.490 151.266
/date 2007-08-28 -36.541 102.332 108.661 -65.704 136.107 151.136
/date 2007-09-01 -24.994 105.700 108.615 -56.327 140.099 150.998
/date 2007-09-05 -13.140 107.769 108.567 -46.692 143.446 150.854
/date 2007-09-09 -1.125 108.510 108.516 -36.840 146.131 150.704
/date 2007-09-13 10.905 107.914 108.464 -26.818 148.140 150.548
/date 2007-09-17 22.799 105.985 108.410 -16.672 149.461 150.388
/date 2007-09-21 34.412 102.745 108.354 -6.448 150.085 150.224
/date 2007-09-25 45.597 98.230 108.297 3.806 150.008 150.056
/date 2007-09-29 56.216 92.495 108.239 14.042 149.228 149.887
/date 2007-10-03 66.135 85.608 108.179 24.212 147.745 149.716
/date 2007-10-07 75.229 77.652 108.117 34.268 145.565 149.544
/date 2007-10-11 83.381 68.725 108.054 44.161 142.695 149.372
/date 2007-10-15 90.488 58.937 107.989 53.845 139.146 149.201
/date 2007-10-19 96.457 48.408 107.923 63.271 134.934 149.032
/date 2007-10-23 101.212 37.269 107.856 72.395 130.076 148.865
/date 2007-10-27 104.690 25.660 107.789 81.171 124.593 148.702
/date 2007-10-31 106.844 13.727 107.722 89.555 118.510 148.542
/date 2007-11-04 107.645 1.619 107.657 97.507 111.854 148.388
/date 2007-11-08 107.080 -10.508 107.594 104.986 104.656 148.239
/date 2007-11-12 105.154 -22.502 107.535 111.954 96.948 148.097
/date 2007-11-16 101.891 -34.210 107.481 118.376 88.768 147.962
/date 2007-11-20 97.330 -45.483 107.433 124.219 80.153 147.834
/date 2007-11-24 91.529 -56.175 107.393 129.453 71.146 147.715
/date 2007-11-28 84.562 -66.152 107.362 134.051 61.789 147.606
/date 2007-12-02 76.515 -75.284 107.342 137.988 52.127 147.505
/date 2007-12-06 67.493 -83.457 107.333 141.243 42.208 147.415
/date 2007-12-10 57.610 -90.565 107.336 143.801 32.080 147.335
/date 2007-12-14 46.993 -96.519 107.352 145.645 21.793 147.267
/date 2007-12-18 35.778 -101.245 107.380 146.768 11.398 147.210
/date 2007-12-22 24.107 -104.682 107.422 147.161 0.947 147.164
/date 2007-12-26 12.130 -106.789 107.475 146.823 -9.509 147.130
/date 2007-12-30 -0.001 -107.541 107.541 145.754 -19.918 147.109
